  Summary of Regression Results   
==================================
Model:                         VAR
Method:                        OLS
Date:           Tue, 29, Sep, 2026
Time:                     16:21:00
--------------------------------------------------------------------
No. of Equations:         4.00000    BIC:                    2.90037
Nobs:                     231.000    HQIC:                   1.69111
Log likelihood:          -1276.01    FPE:                    2.41641
AIC:                     0.873666    Det(Omega_mle):         1.39519
--------------------------------------------------------------------
Results for equation log_N_MA
====================================================================================
                       coefficient       std. error           t-stat            prob
------------------------------------------------------------------------------------
const                     0.383190         0.206941            1.852           0.064
Covid                     0.209450         0.152598            1.373           0.170
L1.log_N_MA               0.191494         0.070794            2.705           0.007
L1.Selic_surpresa        -0.084674         0.220072           -0.385           0.700
L1.dIBC_Br               -0.002815         0.010674           -0.264           0.792
L1.Ibov_Ret               0.004677         0.004830            0.968           0.333
L2.log_N_MA               0.027629         0.070904            0.390           0.697
L2.Selic_surpresa        -0.209376         0.218415           -0.959           0.338
L2.dIBC_Br                0.018098         0.011038            1.640           0.101
L2.Ibov_Ret               0.011897         0.004900            2.428           0.015
L3.log_N_MA               0.171827         0.070641            2.432           0.015
L3.Selic_surpresa         0.120553         0.222248            0.542           0.588
L3.dIBC_Br                0.001184         0.010684            0.111           0.912
L3.Ibov_Ret               0.005085         0.005011            1.015           0.310
L4.log_N_MA               0.132236         0.073510            1.799           0.072
L4.Selic_surpresa         0.340618         0.222856            1.528           0.126
L4.dIBC_Br                0.004788         0.010926            0.438           0.661
L4.Ibov_Ret               0.012497         0.004910            2.545           0.011
L5.log_N_MA               0.029614         0.073351            0.404           0.686
L5.Selic_surpresa         0.435760         0.223021            1.954           0.051
L5.dIBC_Br                0.008979         0.010989            0.817           0.414
L5.Ibov_Ret               0.002941         0.004915            0.598           0.550
L6.log_N_MA               0.038450         0.074473            0.516           0.606
L6.Selic_surpresa        -0.144221         0.215997           -0.668           0.504
L6.dIBC_Br               -0.010764         0.010868           -0.990           0.322
L6.Ibov_Ret              -0.000180         0.004906           -0.037           0.971
L7.log_N_MA               0.169829         0.073820            2.301           0.021
L7.Selic_surpresa         0.219133         0.215176            1.018           0.308
L7.dIBC_Br               -0.023015         0.011093           -2.075           0.038
L7.Ibov_Ret               0.002798         0.004778            0.586           0.558
L8.log_N_MA               0.051074         0.072841            0.701           0.483
L8.Selic_surpresa        -0.080430         0.219695           -0.366           0.714
L8.dIBC_Br               -0.011181         0.010401           -1.075           0.282
L8.Ibov_Ret              -0.005200         0.004702           -1.106           0.269
====================================================================================

Results for equation Selic_surpresa
====================================================================================
                       coefficient       std. error           t-stat            prob
------------------------------------------------------------------------------------
const                     0.084165         0.067844            1.241           0.215
Covid                    -0.038254         0.050028           -0.765           0.444
L1.log_N_MA               0.003128         0.023209            0.135           0.893
L1.Selic_surpresa         0.023854         0.072149            0.331           0.741
L1.dIBC_Br                0.005036         0.003499            1.439           0.150
L1.Ibov_Ret               0.001807         0.001583            1.141           0.254
L2.log_N_MA               0.010013         0.023245            0.431           0.667
L2.Selic_surpresa         0.005118         0.071606            0.071           0.943
L2.dIBC_Br                0.004712         0.003619            1.302           0.193
L2.Ibov_Ret               0.001416         0.001606            0.881           0.378
L3.log_N_MA              -0.031686         0.023159           -1.368           0.171
L3.Selic_surpresa        -0.130200         0.072862           -1.787           0.074
L3.dIBC_Br                0.007103         0.003503            2.028           0.043
L3.Ibov_Ret               0.000187         0.001643            0.114           0.909
L4.log_N_MA              -0.003895         0.024100           -0.162           0.872
L4.Selic_surpresa         0.062333         0.073062            0.853           0.394
L4.dIBC_Br                0.004601         0.003582            1.284           0.199
L4.Ibov_Ret               0.000286         0.001610            0.178           0.859
L5.log_N_MA              -0.009257         0.024048           -0.385           0.700
L5.Selic_surpresa        -0.029537         0.073116           -0.404           0.686
L5.dIBC_Br               -0.002587         0.003603           -0.718           0.473
L5.Ibov_Ret               0.002679         0.001611            1.662           0.096
L6.log_N_MA              -0.000176         0.024415           -0.007           0.994
L6.Selic_surpresa        -0.035341         0.070813           -0.499           0.618
L6.dIBC_Br                0.000620         0.003563            0.174           0.862
L6.Ibov_Ret               0.000084         0.001609            0.052           0.958
L7.log_N_MA              -0.005932         0.024201           -0.245           0.806
L7.Selic_surpresa         0.101857         0.070544            1.444           0.149
L7.dIBC_Br               -0.000126         0.003637           -0.035           0.972
L7.Ibov_Ret               0.001400         0.001566            0.894           0.371
L8.log_N_MA              -0.001526         0.023880           -0.064           0.949
L8.Selic_surpresa         0.026763         0.072025            0.372           0.710
L8.dIBC_Br                0.000443         0.003410            0.130           0.897
L8.Ibov_Ret              -0.000552         0.001541           -0.358           0.720
====================================================================================

Results for equation dIBC_Br
====================================================================================
                       coefficient       std. error           t-stat            prob
------------------------------------------------------------------------------------
const                    -0.957864         1.379141           -0.695           0.487
Covid                    -0.296518         1.016977           -0.292           0.771
L1.log_N_MA              -0.974799         0.471797           -2.066           0.039
L1.Selic_surpresa         0.498368         1.466653            0.340           0.734
L1.dIBC_Br               -0.341207         0.071137           -4.796           0.000
L1.Ibov_Ret               0.049537         0.032188            1.539           0.124
L2.log_N_MA              -0.235702         0.472537           -0.499           0.618
L2.Selic_surpresa        -2.499304         1.455608           -1.717           0.086
L2.dIBC_Br               -0.295292         0.073563           -4.014           0.000
L2.Ibov_Ret               0.086221         0.032652            2.641           0.008
L3.log_N_MA               1.901713         0.470783            4.039           0.000
L3.Selic_surpresa         1.851096         1.481150            1.250           0.211
L3.dIBC_Br               -0.163401         0.071199           -2.295           0.022
L3.Ibov_Ret               0.031665         0.033394            0.948           0.343
L4.log_N_MA              -0.000890         0.489904           -0.002           0.999
L4.Selic_surpresa         0.707261         1.485206            0.476           0.634
L4.dIBC_Br               -0.157086         0.072818           -2.157           0.031
L4.Ibov_Ret               0.038322         0.032724            1.171           0.242
L5.log_N_MA              -0.802861         0.488842           -1.642           0.101
L5.Selic_surpresa         0.819692         1.486304            0.551           0.581
L5.dIBC_Br               -0.075019         0.073234           -1.024           0.306
L5.Ibov_Ret               0.020080         0.032756            0.613           0.540
L6.log_N_MA              -0.133783         0.496318           -0.270           0.788
L6.Selic_surpresa         0.361859         1.439493            0.251           0.802
L6.dIBC_Br               -0.459287         0.072432           -6.341           0.000
L6.Ibov_Ret               0.014569         0.032698            0.446           0.656
L7.log_N_MA               0.480779         0.491967            0.977           0.328
L7.Selic_surpresa        -3.617171         1.434022           -2.522           0.012
L7.dIBC_Br               -0.174593         0.073926           -2.362           0.018
L7.Ibov_Ret               0.048722         0.031840            1.530           0.126
L8.log_N_MA               0.385360         0.485444            0.794           0.427
L8.Selic_surpresa        -0.960254         1.464140           -0.656           0.512
L8.dIBC_Br               -0.108189         0.069318           -1.561           0.119
L8.Ibov_Ret               0.040058         0.031333            1.278           0.201
====================================================================================

Results for equation Ibov_Ret
====================================================================================
                       coefficient       std. error           t-stat            prob
------------------------------------------------------------------------------------
const                     9.034843         3.049243            2.963           0.003
Covid                     0.516534         2.248508            0.230           0.818
L1.log_N_MA              -0.659891         1.043131           -0.633           0.527
L1.Selic_surpresa        -0.460697         3.242730           -0.142           0.887
L1.dIBC_Br                0.140036         0.157281            0.890           0.373
L1.Ibov_Ret               0.098135         0.071168            1.379           0.168
L2.log_N_MA               0.357372         1.044765            0.342           0.732
L2.Selic_surpresa        -6.050065         3.218309           -1.880           0.060
L2.dIBC_Br               -0.183050         0.162646           -1.125           0.260
L2.Ibov_Ret              -0.073285         0.072194           -1.015           0.310
L3.log_N_MA              -0.446470         1.040889           -0.429           0.668
L3.Selic_surpresa         0.072820         3.274782            0.022           0.982
L3.dIBC_Br               -0.132508         0.157420           -0.842           0.400
L3.Ibov_Ret              -0.039146         0.073834           -0.530           0.596
L4.log_N_MA              -1.114957         1.083165           -1.029           0.303
L4.Selic_surpresa         4.808912         3.283751            1.464           0.143
L4.dIBC_Br                0.126957         0.160999            0.789           0.430
L4.Ibov_Ret              -0.017341         0.072352           -0.240           0.811
L5.log_N_MA              -2.321202         1.080815           -2.148           0.032
L5.Selic_surpresa         1.148426         3.286177            0.349           0.727
L5.dIBC_Br                0.011941         0.161919            0.074           0.941
L5.Ibov_Ret              -0.072204         0.072422           -0.997           0.319
L6.log_N_MA              -0.199194         1.097346           -0.182           0.856
L6.Selic_surpresa        -3.792701         3.182681           -1.192           0.233
L6.dIBC_Br                0.063470         0.160144            0.396           0.692
L6.Ibov_Ret              -0.013830         0.072295           -0.191           0.848
L7.log_N_MA              -0.178160         1.087726           -0.164           0.870
L7.Selic_surpresa        -1.714703         3.170584           -0.541           0.589
L7.dIBC_Br                0.012474         0.163448            0.076           0.939
L7.Ibov_Ret               0.036201         0.070398            0.514           0.607
L8.log_N_MA               0.679319         1.073303            0.633           0.527
L8.Selic_surpresa        -0.695894         3.237174           -0.215           0.830
L8.dIBC_Br               -0.214479         0.153261           -1.399           0.162
L8.Ibov_Ret              -0.019790         0.069277           -0.286           0.775
====================================================================================

Correlation matrix of residuals
                  log_N_MA  Selic_surpresa   dIBC_Br  Ibov_Ret
log_N_MA          1.000000        0.043624  0.125030  0.057041
Selic_surpresa    0.043624        1.000000  0.014073  0.083238
dIBC_Br           0.125030        0.014073  1.000000 -0.029118
Ibov_Ret          0.057041        0.083238 -0.029118  1.000000


